ano_rad||codi_sec||codi_pat||nume_Rad||nomb_ima
2018||05||001||2765||0520180716S0600100276501.PNG            
2018||05||001||2765||0520180716S0600100276502.PNG            
2018||05||001||2765||0520180716S0600100276503.PNG            
2018||05||001||2765||0520180716S0600100276504.PNG            
2018||05||001||2765||0520180716S0600100276505.PNG            
2018||05||001||2765||0520180716S0600100276506.PNG            
2018||05||001||2765||0520180716S0600100276507.PNG            
2018||05||001||2765||0520180716S0600100276508.PNG            
2018||05||001||2765||0520180716S0600100276509.PNG            
2018||05||001||2765||0520180716S0600100276510.PNG            
2018||05||002||77660||0520180704S1400207766001.PNG            
2018||05||002||77660||0520180704S1400207766002.PNG            
2018||05||002||77660||0520180704S1400207766003.PNG            
2018||05||002||77660||0520180704S1400207766004.PNG            
2018||05||002||77660||0520180704S1400207766005.PNG            
2018||05||002||77683||0520180704S1400207768301.PNG            
2018||05||002||77683||0520180704S1400207768302.PNG            
2018||05||002||77683||0520180704S1400207768303.PNG            
2018||05||002||77683||0520180704S1400207768304.PNG            
2018||05||002||77683||0520180704S1400207768305.PNG            
2018||05||002||77684||0520180704S1400207768401.PNG            
2018||05||002||77684||0520180704S1400207768402.PNG            
2018||05||002||77684||0520180704S1400207768403.PNG            
2018||05||002||77684||0520180704S1400207768404.PNG            
2018||05||002||77684||0520180704S1400207768405.PNG            
2018||05||002||77695||0520180704S1400207769501.PNG            
2018||05||002||77695||0520180704S1400207769502.PNG            
2018||05||002||77695||0520180704S1400207769503.PNG            
2018||05||002||77695||0520180704S1400207769504.PNG            
2018||05||002||82131||0520180712S1000208213101.PNG            
2018||05||002||84350||0520180718S0900208435001.PNG            
2018||05||002||84396||0520180718S0900208439601.PNG            
2018||05||002||84399||0520180718S0900208439901.PNG            
2018||05||002||84403||0520180718S0900208440301.PNG            
2018||05||002||84885||0520180718S0900208488501.PNG            
2018||05||002||84885||0520180718S0900208488502.PNG            
2018||05||002||84885||0520180718S0900208488503.PNG            
2018||05||002||84885||0520180718S0900208488504.PNG            
2018||05||002||84885||0520180718S0900208488505.PNG            
2018||05||002||84890||0520180718S0900208489001.PNG            
2018||05||002||84890||0520180718S0900208489002.PNG            
2018||05||002||84890||0520180718S0900208489003.PNG            
2018||05||002||84890||0520180718S0900208489004.PNG            
2018||05||002||84890||0520180718S0900208489005.PNG            
2018||05||002||84890||0520180718S0900208489006.PNG            
2018||05||002||84890||0520180718S0900208489007.PNG            
2018||05||002||84890||0520180718S0900208489008.PNG            
2018||05||002||84890||0520180718S0900208489009.PNG            
2018||05||002||84890||0520180718S0900208489010.PNG            
2018||05||002||84890||0520180718S0900208489011.PNG            
2018||05||002||85259||0520180719S1400208525901.PNG            
2018||05||002||85259||0520180719S1400208525902.PNG            
2018||05||002||85259||0520180719S1400208525903.PNG            
2018||05||002||85259||0520180719S1400208525904.PNG            
2018||05||002||85259||0520180719S1400208525905.PNG            
2018||05||002||85259||0520180719S1400208525906.PNG            
2018||05||002||85285||0520180719S1100208528501.PNG            
2018||05||002||85285||0520180719S1100208528502.PNG            
2018||05||002||85285||0520180719S1100208528503.PNG            
2018||05||002||85285||0520180719S1100208528504.PNG            
2018||05||002||85285||0520180719S1100208528505.PNG            
2018||05||002||85330||0520180719S1100208533001.PNG            
2018||05||002||85330||0520180719S1100208533002.PNG            
2018||05||002||85406||0520180719S1100208540601.PNG            
2018||05||002||85406||0520180719S1100208540602.PNG            
2018||05||002||85406||0520180719S1100208540603.PNG            
2018||05||002||85406||0520180719S1100208540604.PNG            
2018||05||002||85406||0520180719S1100208540605.PNG            
2018||05||002||85406||0520180719S1100208540606.PNG            
2018||05||002||86699||0520180724S1400208669901.PNG            
2018||05||002||86699||0520180724S1400208669902.PNG            
2018||05||002||86699||0520180724S1400208669903.PNG            
2018||05||002||86700||0520180724S1400208670001.PNG            
2018||05||002||86700||0520180724S1400208670002.PNG            
2018||05||002||86700||0520180724S1400208670003.PNG            
2018||05||002||86700||0520180724S1400208670004.PNG            
2018||05||002||86700||0520180724S1400208670005.PNG            
2018||05||002||86700||0520180724S1400208670006.PNG            
2018||05||002||86701||0520180724S1400208670101.PNG            
2018||05||002||86701||0520180724S1400208670102.PNG            
2018||05||002||86701||0520180724S1400208670103.PNG            
2018||05||045||12095||0520180705S0704501209501.PNG            
2018||05||045||12095||0520180705S0704501209502.PNG            
2018||05||045||12095||0520180705S0704501209503.PNG            
2018||05||045||12095||0520180705S0704501209504.PNG            
2018||05||045||12095||0520180705S0704501209505.PNG            
2018||05||045||12095||0520180705S0704501209506.PNG            
2018||05||045||12095||0520180705S0704501209507.PNG            
2018||05||045||12095||0520180705S0704501209508.PNG            
2018||05||045||13459||0520180727S0604501345901.PNG            
2018||05||045||13459||0520180727S0604501345902.PNG            
2018||05||045||13459||0520180727S0604501345903.PNG            
2018||05||045||13459||0520180727S0604501345904.PNG            
2018||05||045||13459||0520180727S0604501345905.PNG            
2018||05||045||13459||0520180727S0604501345906.PNG            
2018||05||045||13459||0520180727S0604501345907.PNG            
2018||05||045||13459||0520180727S0604501345908.PNG            
2018||05||045||13459||0520180727S0604501345909.PNG            
2018||05||045||13459||0520180727S0604501345910.PNG            
2018||05||045||13459||0520180727S0604501345911.PNG            
2018||05||045||13459||0520180727S0604501345912.PNG            
2018||05||045||13459||0520180727S0604501345913.PNG            
2018||05||045||13459||0520180727S0604501345914.PNG            
2018||05||045||13459||0520180727S0604501345915.PNG            
2018||05||045||13459||0520180727S0604501345916.PNG            
2018||05||045||13459||0520180727S0604501345917.PNG            
2018||05||045||13459||0520180727S0604501345918.PNG            
2018||05||045||13459||0520180727S0604501345919.PNG            
2018||05||045||13459||0520180727S0604501345920.PNG            
2018||05||045||13459||0520180727S0604501345921.PNG            
2018||05||045||13459||0520180727S0604501345922.PNG            
2018||05||045||13459||0520180727S0604501345923.PNG            
2018||05||045||13459||0520180727S0604501345924.PNG            
2018||05||045||13459||0520180727S0604501345925.PNG            
2018||05||045||13461||0520180727S0704501346101.PNG            
2018||05||045||13461||0520180727S0704501346102.PNG            
2018||11||003||11115||1120180703S0700301111501.PNG            
2018||11||003||11804||1120180717S0700301180401.PNG            
2018||11||003||11804||1120180717S0700301180402.PNG            
2018||11||003||11804||1120180717S0700301180403.PNG            
2018||11||003||11804||1120180717S0700301180404.PNG            
2018||11||003||11804||1120180717S0700301180405.PNG            
2018||11||003||11804||1120180717S0700301180406.PNG            
2018||11||003||11804||1120180717S0700301180407.PNG            
2018||11||003||11804||1120180717S0700301180408.PNG            
2018||11||003||11804||1120180717S0700301180409.PNG            
2018||11||003||11804||1120180717S0700301180410.PNG            
2018||11||003||11804||1120180717S07003011804100.PNG           
2018||11||003||11804||1120180717S07003011804101.PNG           
2018||11||003||11804||1120180717S07003011804102.PNG           
2018||11||003||11804||1120180717S07003011804103.PNG           
2018||11||003||11804||1120180717S07003011804104.PNG           
2018||11||003||11804||1120180717S07003011804105.PNG           
2018||11||003||11804||1120180717S07003011804106.PNG           
2018||11||003||11804||1120180717S07003011804107.PNG           
2018||11||003||11804||1120180717S07003011804108.PNG           
2018||11||003||11804||1120180717S07003011804109.PNG           
2018||11||003||11804||1120180717S0700301180411.PNG            
2018||11||003||11804||1120180717S07003011804110.PNG           
2018||11||003||11804||1120180717S07003011804111.PNG           
2018||11||003||11804||1120180717S07003011804112.PNG           
2018||11||003||11804||1120180717S07003011804113.PNG           
2018||11||003||11804||1120180717S07003011804114.PNG           
2018||11||003||11804||1120180717S07003011804115.PNG           
2018||11||003||11804||1120180717S07003011804116.PNG           
2018||11||003||11804||1120180717S07003011804117.PNG           
2018||11||003||11804||1120180717S07003011804118.PNG           
2018||11||003||11804||1120180717S07003011804119.PNG           
2018||11||003||11804||1120180717S0700301180412.PNG            
2018||11||003||11804||1120180717S07003011804120.PNG           
2018||11||003||11804||1120180717S07003011804121.PNG           
2018||11||003||11804||1120180717S07003011804122.PNG           
2018||11||003||11804||1120180717S07003011804123.PNG           
2018||11||003||11804||1120180717S07003011804124.PNG           
2018||11||003||11804||1120180717S07003011804125.PNG           
2018||11||003||11804||1120180717S07003011804126.PNG           
2018||11||003||11804||1120180717S07003011804127.PNG           
2018||11||003||11804||1120180717S07003011804128.PNG           
2018||11||003||11804||1120180717S07003011804129.PNG           
2018||11||003||11804||1120180717S0700301180413.PNG            
2018||11||003||11804||1120180717S07003011804130.PNG           
2018||11||003||11804||1120180717S07003011804131.PNG           
2018||11||003||11804||1120180717S07003011804132.PNG           
2018||11||003||11804||1120180717S07003011804133.PNG           
2018||11||003||11804||1120180717S07003011804134.PNG           
2018||11||003||11804||1120180717S07003011804135.PNG           
2018||11||003||11804||1120180717S07003011804136.PNG           
2018||11||003||11804||1120180717S07003011804137.PNG           
2018||11||003||11804||1120180717S07003011804138.PNG           
2018||11||003||11804||1120180717S07003011804139.PNG           
2018||11||003||11804||1120180717S0700301180414.PNG            
2018||11||003||11804||1120180717S07003011804140.PNG           
2018||11||003||11804||1120180717S07003011804141.PNG           
2018||11||003||11804||1120180717S07003011804142.PNG           
2018||11||003||11804||1120180717S07003011804143.PNG           
2018||11||003||11804||1120180717S07003011804144.PNG           
2018||11||003||11804||1120180717S07003011804145.PNG           
2018||11||003||11804||1120180717S07003011804146.PNG           
2018||11||003||11804||1120180717S07003011804147.PNG           
2018||11||003||11804||1120180717S07003011804148.PNG           
2018||11||003||11804||1120180717S07003011804149.PNG           
2018||11||003||11804||1120180717S0700301180415.PNG            
2018||11||003||11804||1120180717S07003011804150.PNG           
2018||11||003||11804||1120180717S07003011804151.PNG           
2018||11||003||11804||1120180717S07003011804152.PNG           
2018||11||003||11804||1120180717S07003011804153.PNG           
2018||11||003||11804||1120180717S07003011804154.PNG           
2018||11||003||11804||1120180717S07003011804155.PNG           
2018||11||003||11804||1120180717S07003011804156.PNG           
2018||11||003||11804||1120180717S07003011804157.PNG           
2018||11||003||11804||1120180717S07003011804158.PNG           
2018||11||003||11804||1120180717S07003011804159.PNG           
2018||11||003||11804||1120180717S0700301180416.PNG            
2018||11||003||11804||1120180717S07003011804160.PNG           
2018||11||003||11804||1120180717S07003011804161.PNG           
2018||11||003||11804||1120180717S07003011804162.PNG           
2018||11||003||11804||1120180717S07003011804163.PNG           
2018||11||003||11804||1120180717S07003011804164.PNG           
2018||11||003||11804||1120180717S07003011804165.PNG           
2018||11||003||11804||1120180717S07003011804166.PNG           
2018||11||003||11804||1120180717S07003011804167.PNG           
2018||11||003||11804||1120180717S07003011804168.PNG           
2018||11||003||11804||1120180717S07003011804169.PNG           
2018||11||003||11804||1120180717S0700301180417.PNG            
2018||11||003||11804||1120180717S0700301180418.PNG            
2018||11||003||11804||1120180717S0700301180419.PNG            
2018||11||003||11804||1120180717S0700301180420.PNG            
2018||11||003||11804||1120180717S0700301180421.PNG            
2018||11||003||11804||1120180717S0700301180422.PNG            
2018||11||003||11804||1120180717S0700301180423.PNG            
2018||11||003||11804||1120180717S0700301180424.PNG            
2018||11||003||11804||1120180717S0700301180425.PNG            
2018||11||003||11804||1120180717S0700301180426.PNG            
2018||11||003||11804||1120180717S0700301180427.PNG            
2018||11||003||11804||1120180717S0700301180428.PNG            
2018||11||003||11804||1120180717S0700301180429.PNG            
2018||11||003||11804||1120180717S0700301180430.PNG            
2018||11||003||11804||1120180717S0700301180431.PNG            
2018||11||003||11804||1120180717S0700301180432.PNG            
2018||11||003||11804||1120180717S0700301180433.PNG            
2018||11||003||11804||1120180717S0700301180434.PNG            
2018||11||003||11804||1120180717S0700301180435.PNG            
2018||11||003||11804||1120180717S0700301180436.PNG            
2018||11||003||11804||1120180717S0700301180437.PNG            
2018||11||003||11804||1120180717S0700301180438.PNG            
2018||11||003||11804||1120180717S0700301180439.PNG            
2018||11||003||11804||1120180717S0700301180440.PNG            
2018||11||003||11804||1120180717S0700301180441.PNG            
2018||11||003||11804||1120180717S0700301180442.PNG            
2018||11||003||11804||1120180717S0700301180443.PNG            
2018||11||003||11804||1120180717S0700301180444.PNG            
2018||11||003||11804||1120180717S0700301180445.PNG            
2018||11||003||11804||1120180717S0700301180446.PNG            
2018||11||003||11804||1120180717S0700301180447.PNG            
2018||11||003||11804||1120180717S0700301180448.PNG            
2018||11||003||11804||1120180717S0700301180449.PNG            
2018||11||003||11804||1120180717S0700301180450.PNG            
2018||11||003||11804||1120180717S0700301180451.PNG            
2018||11||003||11804||1120180717S0700301180452.PNG            
2018||11||003||11804||1120180717S0700301180453.PNG            
2018||11||003||11804||1120180717S0700301180454.PNG            
2018||11||003||11804||1120180717S0700301180455.PNG            
2018||11||003||11804||1120180717S0700301180456.PNG            
2018||11||003||11804||1120180717S0700301180457.PNG            
2018||11||003||11804||1120180717S0700301180458.PNG            
2018||11||003||11804||1120180717S0700301180459.PNG            
2018||11||003||11804||1120180717S0700301180460.PNG            
2018||11||003||11804||1120180717S0700301180461.PNG            
2018||11||003||11804||1120180717S0700301180462.PNG            
2018||11||003||11804||1120180717S0700301180463.PNG            
2018||11||003||11804||1120180717S0700301180464.PNG            
2018||11||003||11804||1120180717S0700301180465.PNG            
2018||11||003||11804||1120180717S0700301180466.PNG            
2018||11||003||11804||1120180717S0700301180467.PNG            
2018||11||003||11804||1120180717S0700301180468.PNG            
2018||11||003||11804||1120180717S0700301180469.PNG            
2018||11||003||11804||1120180717S0700301180470.PNG            
2018||11||003||11804||1120180717S0700301180471.PNG            
2018||11||003||11804||1120180717S0700301180472.PNG            
2018||11||003||11804||1120180717S0700301180473.PNG            
2018||11||003||11804||1120180717S0700301180474.PNG            
2018||11||003||11804||1120180717S0700301180475.PNG            
2018||11||003||11804||1120180717S0700301180476.PNG            
2018||11||003||11804||1120180717S0700301180477.PNG            
2018||11||003||11804||1120180717S0700301180478.PNG            
2018||11||003||11804||1120180717S0700301180479.PNG            
2018||11||003||11804||1120180717S0700301180480.PNG            
2018||11||003||11804||1120180717S0700301180481.PNG            
2018||11||003||11804||1120180717S0700301180482.PNG            
2018||11||003||11804||1120180717S0700301180483.PNG            
2018||11||003||11804||1120180717S0700301180484.PNG            
2018||11||003||11804||1120180717S0700301180485.PNG            
2018||11||003||11804||1120180717S0700301180486.PNG            
2018||11||003||11804||1120180717S0700301180487.PNG            
2018||11||003||11804||1120180717S0700301180488.PNG            
2018||11||003||11804||1120180717S0700301180489.PNG            
2018||11||003||11804||1120180717S0700301180490.PNG            
2018||11||003||11804||1120180717S0700301180491.PNG            
2018||11||003||11804||1120180717S0700301180492.PNG            
2018||11||003||11804||1120180717S0700301180493.PNG            
2018||11||003||11804||1120180717S0700301180494.PNG            
2018||11||003||11804||1120180717S0700301180495.PNG            
2018||11||003||11804||1120180717S0700301180496.PNG            
2018||11||003||11804||1120180717S0700301180497.PNG            
2018||11||003||11804||1120180717S0700301180498.PNG            
2018||11||003||11804||1120180717S0700301180499.PNG            
2018||11||005||6773||1120180712S0100500677301.PNG            
2018||11||005||6773||1120180712S0100500677302.PNG            
2018||11||005||6773||1120180712S0100500677303.PNG            
2018||11||005||6773||1120180712S0100500677304.PNG            
2018||11||005||7154||1120180726S0100500715401.PNG            
2018||11||005||7154||1120180726S0100500715402.PNG            
2018||11||005||7154||1120180726S0100500715403.PNG            
2018||11||005||7154||1120180726S0100500715404.PNG            
2018||11||005||7154||1120180726S0100500715405.PNG            
2018||11||005||7154||1120180726S0100500715406.PNG            
2018||11||006||28923||1120180706S0700602892301.PNG            
2018||11||006||28923||1120180706S0700602892302.PNG            
2018||11||006||28923||1120180706S0700602892303.PNG            
2018||11||006||28923||1120180706S0700602892304.PNG            
2018||11||006||28923||1120180706S0700602892305.PNG            
2018||11||006||28923||1120180706S0700602892306.PNG            
2018||11||006||28923||1120180706S0700602892307.PNG            
2018||11||006||28923||1120180706S0700602892308.PNG            
2018||11||006||28926||1120180706S0700602892601.PNG            
2018||11||006||29524||1120180710S0700602952401.PNG            
2018||11||006||29524||1120180710S0700602952402.PNG            
2018||11||006||29526||1120180710S0700602952601.PNG            
2018||11||006||29526||1120180710S0700602952602.PNG            
2018||11||006||29529||1120180710S0600602952901.PNG            
2018||11||006||29529||1120180710S0600602952902.PNG            
2018||11||006||29529||1120180710S0600602952903.PNG            
2018||11||006||30128||1120180716S0700603012801.PNG            
2018||11||006||30128||1120180716S0700603012802.PNG            
2018||11||006||30481||1120180718S0600603048101.PNG            
2018||11||006||30481||1120180718S0600603048102.PNG            
2018||11||006||30490||1120180718S0600603049001.PNG            
2018||11||006||30490||1120180718S0600603049002.PNG            
2018||11||006||30490||1120180718S0600603049003.PNG            
2018||11||006||30490||1120180718S0600603049004.PNG            
2018||11||006||30490||1120180718S0600603049005.PNG            
2018||11||006||30490||1120180718S0600603049006.PNG            
2018||11||006||30579||1120180718S0600603057901.PNG            
2018||11||006||30579||1120180718S0600603057902.PNG            
2018||11||006||30579||1120180718S0600603057903.PNG            
2018||11||006||30579||1120180718S0600603057904.PNG            
2018||11||006||30579||1120180718S0600603057905.PNG            
2018||11||006||30579||1120180718S0600603057906.PNG            
2018||11||006||30579||1120180718S0600603057907.PNG            
2018||11||006||31210||1120180724S0600603121001.PNG            
2018||11||006||31305||1120180725S0600603130501.PNG            
2018||11||006||31306||1120180725S0600603130601.PNG            
2018||11||006||31306||1120180725S0600603130602.PNG            
2018||11||006||31306||1120180725S0600603130603.PNG            
2018||11||006||31309||1120180725S0700603130901.PNG            
2018||11||006||31309||1120180725S0700603130902.PNG            
2018||11||006||31309||1120180725S0700603130903.PNG            
2018||11||006||31309||1120180725S0700603130904.PNG            
2018||11||006||31309||1120180725S0700603130905.PNG            
2018||11||006||31309||1120180725S0700603130906.PNG            
2018||11||006||31309||1120180725S0700603130907.PNG            
2018||11||006||31309||1120180725S0700603130908.PNG            
2018||11||006||31309||1120180725S0700603130909.PNG            
2018||11||006||31312||1120180725S0600603131201.PNG            
2018||11||006||31312||1120180725S0600603131202.PNG            
2018||11||006||31312||1120180725S0600603131203.PNG            
2018||11||009||25056||1120180704S0600902505601.PNG            
2018||11||009||25056||1120180704S0600902505602.PNG            
2018||11||009||25056||1120180704S0600902505603.PNG            
2018||11||009||25056||1120180704S0600902505604.PNG            
2018||11||009||25056||1120180704S0600902505605.PNG            
2018||11||009||25078||1120180704S0600902507801.PNG            
2018||11||009||25078||1120180704S0600902507802.PNG            
2018||11||009||25078||1120180704S0600902507803.PNG            
2018||11||009||25078||1120180704S0600902507804.PNG            
2018||11||009||25078||1120180704S0600902507805.PNG            
2018||11||009||26265||1120180713S0600902626501.PNG            
2018||11||009||26483||1120180716S0600902648301.PNG            
2018||11||009||26483||1120180716S0600902648302.PNG            
2018||11||009||26483||1120180716S0600902648303.PNG            
2018||11||009||26483||1120180716S0600902648304.PNG            
2018||11||009||26483||1120180716S0600902648305.PNG            
2018||11||009||26483||1120180716S0600902648306.PNG            
2018||11||009||26483||1120180716S0600902648307.PNG            
2018||11||009||26483||1120180716S0600902648308.PNG            
2018||11||009||27008||1120180719S0600902700801.PNG            
2018||11||009||27008||1120180719S0600902700802.PNG            
2018||11||009||27008||1120180719S0600902700803.PNG            
2018||11||009||27008||1120180719S0600902700804.PNG            
2018||11||009||27008||1120180719S0600902700805.PNG            
2018||11||009||27008||1120180719S0600902700806.PNG            
2018||11||009||27008||1120180719S0600902700807.PNG            
2018||11||009||27008||1120180719S0600902700808.PNG            
2018||11||009||27008||1120180719S0600902700809.PNG            
2018||11||009||27885||1120180730S0600902788501.PNG            
2018||11||009||27885||1120180730S0600902788502.PNG            
2018||11||009||27885||1120180730S0600902788503.PNG            
2018||11||009||27885||1120180730S0600902788504.PNG            
2018||11||009||27885||1120180730S0600902788505.PNG            
2018||11||009||27885||1120180730S0600902788506.PNG            
2018||11||009||27885||1120180730S0600902788507.PNG            
2018||11||009||27885||1120180730S0600902788508.PNG            
2018||11||009||27940||1120180730S0600902794001.PNG            
2018||11||009||27940||1120180730S0600902794002.PNG            
2018||11||009||27940||1120180730S0600902794003.PNG            
2018||11||009||27940||1120180730S0600902794004.PNG            
2018||11||009||27940||1120180730S0600902794005.PNG            
2018||11||009||27940||1120180730S0600902794006.PNG            
2018||11||009||27940||1120180730S0600902794007.PNG            
2018||11||009||27940||1120180730S0600902794008.PNG            
2018||11||009||27940||1120180730S0600902794009.PNG            
2018||11||011||56088||1120180727S1101105608801.PNG            
2018||11||011||56089||1120180727S1101105608901.PNG            
2018||11||011||56091||1120180727S1101105609101.PNG            
2018||11||011||56093||1120180727S1101105609301.PNG            
2018||11||011||56094||1120180727S1101105609401.PNG            
2018||11||011||56096||1120180727S1101105609601.PNG            
2018||11||011||56098||1120180727S1101105609801.PNG            
2018||11||012||11277||1120180703S0101201127701.PNG            
2018||11||012||11277||1120180703S0101201127702.PNG            
2018||11||012||11277||1120180703S0101201127703.PNG            
2018||11||012||11277||1120180703S0101201127704.PNG            
2018||11||012||11277||1120180703S0101201127705.PNG            
2018||11||012||11277||1120180703S0101201127706.PNG            
2018||11||012||11278||1120180703S0101201127801.PNG            
2018||11||012||11278||1120180703S0101201127802.PNG            
2018||11||012||11278||1120180703S0101201127803.PNG            
2018||11||012||11278||1120180703S0101201127804.PNG            
2018||11||012||11278||1120180703S0101201127805.PNG            
2018||11||012||11278||1120180703S0101201127806.PNG            
2018||11||012||11278||1120180703S0101201127807.PNG            
2018||11||012||11278||1120180703S0101201127808.PNG            
2018||11||012||11278||1120180703S0101201127809.PNG            
2018||11||012||11278||1120180703S0101201127810.PNG            
2018||11||012||11278||1120180703S0101201127811.PNG            
2018||11||012||11278||1120180703S0101201127812.PNG            
2018||11||012||11310||1120180703S0101201131001.PNG            
2018||11||012||11311||1120180703S0101201131101.PNG            
2018||11||012||11311||1120180703S0101201131102.PNG            
2018||11||012||12456||1120180709S0101201245601.PNG            
2018||11||012||12457||1120180709S0101201245701.PNG            
2018||11||012||12458||1120180709S0101201245801.PNG            
2018||11||012||12458||1120180709S0101201245802.PNG            
2018||11||012||12460||1120180709S0101201246001.PNG            
2018||11||012||12460||1120180709S0101201246002.PNG            
2018||11||012||12460||1120180709S0101201246003.PNG            
2018||11||012||12460||1120180709S0101201246004.PNG            
2018||11||012||12460||1120180709S0101201246005.PNG            
2018||11||012||12461||1120180709S0101201246101.PNG            
2018||11||012||12461||1120180709S0101201246102.PNG            
2018||11||012||13254||1120180716S0101201325401.PNG            
2018||11||012||13254||1120180716S0101201325402.PNG            
2018||11||012||13255||1120180716S0101201325501.PNG            
2018||11||012||13255||1120180716S0101201325502.PNG            
2018||11||012||13256||1120180716S0101201325601.PNG            
2018||11||012||13256||1120180716S0101201325602.PNG            
2018||11||012||13257||1120180716S0101201325701.PNG            
2018||11||012||13257||1120180716S0101201325702.PNG            
2018||11||012||13258||1120180716S0101201325801.PNG            
2018||11||012||13258||1120180716S0101201325802.PNG            
2018||11||012||13259||1120180716S0101201325901.PNG            
2018||11||012||13259||1120180716S0101201325902.PNG            
2018||11||012||13260||1120180716S0101201326001.PNG            
2018||11||012||13260||1120180716S0101201326002.PNG            
2018||11||012||13261||1120180716S0101201326101.PNG            
2018||11||012||13261||1120180716S0101201326102.PNG            
2018||11||014||14935||1120180704S0601401493501.PNG            
2018||11||014||14935||1120180704S0601401493502.PNG            
2018||11||014||14935||1120180704S0601401493503.PNG            
2018||11||014||14935||1120180704S0601401493504.PNG            
2018||11||014||14935||1120180704S0601401493505.PNG            
2018||11||014||15619||1120180712S0601401561901.PNG            
2018||11||014||15619||1120180712S0601401561902.PNG            
2018||11||014||16773||1120180731S0801401677301.PNG            
2018||11||014||16773||1120180731S0801401677302.PNG            
2018||11||014||16773||1120180731S0801401677303.PNG            
2018||11||014||16773||1120180731S0801401677304.PNG            
2018||11||014||16773||1120180731S0801401677305.PNG            
2018||11||014||16773||1120180731S0801401677306.PNG            
2018||15||001||10955||1520180724S0600101095501.PNG            
2018||15||001||11236||1520180730S0600101123601.PNG            
2018||15||001||11236||1520180730S0600101123602.PNG            
2018||15||001||11236||1520180730S0600101123603.PNG            
2018||23||001||8648||2320180710S0600100864801.PNG            
2018||23||001||8648||2320180710S0600100864802.PNG            
2018||23||001||8649||2320180710S0600100864901.PNG            
2018||23||001||8654||2320180710S0600100865401.PNG            
2018||23||001||9354||2320180717S0600100935401.PNG            
2018||23||001||9358||2320180717S0600100935801.PNG            
2018||23||001||9358||2320180717S0600100935802.PNG            
2018||23||001||9358||2320180717S0600100935803.PNG            
2018||23||001||9888||2320180730S0600100988801.PNG            
2018||23||001||9889||2320180730S0600100988901.PNG            
2018||23||001||9958||2320180731S0600100995801.PNG            
2018||23||001||9958||2320180731S0600100995802.PNG            
2018||23||001||9958||2320180731S0600100995803.PNG            
2018||23||001||9959||2320180731S0600100995901.PNG            
2018||23||001||9959||2320180731S0600100995902.PNG            
2018||52||001||17263||5220180710S0600101726301.PNG            
2018||52||001||17263||5220180710S0600101726302.PNG            
2018||52||001||17263||5220180710S0600101726303.PNG            
2018||52||001||17263||5220180710S0600101726304.PNG            
2018||52||001||17263||5220180710S0600101726305.PNG            
2018||52||001||17263||5220180710S0600101726306.PNG            
2018||52||001||17263||5220180710S0600101726307.PNG            
2018||52||001||17263||5220180710S0600101726308.PNG            
2018||52||001||17263||5220180710S0600101726309.PNG            
2018||52||001||17263||5220180710S0600101726310.PNG            
2018||52||001||17263||5220180710S0600101726311.PNG            
2018||52||001||17263||5220180710S0600101726312.PNG            
2018||63||001||8715||6320180704S0600100871501.PNG            
2018||63||001||8715||6320180704S0600100871502.PNG            
2018||63||001||8715||6320180704S0600100871503.PNG            
2018||63||001||8715||6320180704S0600100871504.PNG            
2018||63||001||8761||6320180705S0600100876101.PNG            
2018||63||001||8796||6320180705S0600100879601.PNG            
2018||63||001||8796||6320180705S0600100879602.PNG            
2018||63||001||8796||6320180705S0600100879603.PNG            
2018||63||001||8796||6320180705S0600100879604.PNG            
2018||63||001||8866||6320180706S0600100886601.PNG            
2018||63||001||8866||6320180706S0600100886602.PNG            
2018||63||001||8866||6320180706S0600100886603.PNG            
2018||63||001||8867||6320180706S0600100886701.PNG            
2018||63||001||8880||6320180706S0600100888001.PNG            
2018||63||001||8880||6320180706S0600100888002.PNG            
2018||63||001||8880||6320180706S0600100888003.PNG            
2018||63||001||8882||6320180706S0600100888201.PNG            
2018||63||001||8882||6320180706S0600100888202.PNG            
2018||63||001||8882||6320180706S0600100888203.PNG            
2018||63||001||8882||6320180706S0600100888204.PNG            
2018||63||001||8882||6320180706S0600100888205.PNG            
2018||63||001||8882||6320180706S0600100888206.PNG            
2018||63||001||8882||6320180706S0600100888207.PNG            
2018||63||001||8882||6320180706S0600100888208.PNG            
2018||63||001||8882||6320180706S0600100888209.PNG            
2018||63||001||8882||6320180706S0600100888210.PNG            
2018||63||001||8882||6320180706S0600100888211.PNG            
2018||63||001||8882||6320180706S0600100888212.PNG            
2018||63||001||8924||6320180706S0600100892401.PNG            
2018||63||001||8924||6320180706S0600100892402.PNG            
2018||63||001||9018||6320180710S0600100901801.PNG            
2018||63||001||9018||6320180710S0600100901802.PNG            
2018||63||001||9018||6320180710S0600100901803.PNG            
2018||63||001||9018||6320180710S0600100901804.PNG            
2018||63||001||9018||6320180710S0600100901805.PNG            
2018||63||001||9018||6320180710S0600100901806.PNG            
2018||63||001||9018||6320180710S0600100901807.PNG            
2018||63||001||9070||6320180711S0600100907001.PNG            
2018||63||001||9070||6320180711S0600100907002.PNG            
2018||63||001||9070||6320180711S0600100907003.PNG            
2018||63||001||9070||6320180711S0600100907004.PNG            
2018||63||001||9070||6320180711S0600100907005.PNG            
2018||63||001||9070||6320180711S0600100907006.PNG            
2018||63||001||9070||6320180711S0600100907007.PNG            
2018||63||001||9070||6320180711S0600100907008.PNG            
2018||63||001||9070||6320180711S0600100907009.PNG            
2018||63||001||9070||6320180711S0600100907010.PNG            
2018||63||001||9070||6320180711S0600100907011.PNG            
2018||63||001||9071||6320180711S0600100907101.PNG            
2018||63||001||9071||6320180711S0600100907102.PNG            
2018||63||001||9071||6320180711S0600100907103.PNG            
2018||63||001||9071||6320180711S0600100907104.PNG            
2018||63||001||9071||6320180711S0600100907105.PNG            
2018||63||001||9071||6320180711S0600100907106.PNG            
2018||63||001||9192||6320180713S0600100919201.PNG            
2018||63||001||9192||6320180713S0600100919202.PNG            
2018||63||001||9218||6320180713S0600100921801.PNG            
2018||63||001||9218||6320180713S0600100921802.PNG            
2018||63||001||9219||6320180713S0600100921901.PNG            
2018||63||001||9219||6320180713S0600100921902.PNG            
2018||63||001||9354||6320180716S0600100935401.PNG            
2018||63||001||9354||6320180716S0600100935402.PNG            
2018||63||001||9354||6320180716S0600100935403.PNG            
2018||63||001||9354||6320180716S0600100935404.PNG            
2018||63||001||9354||6320180716S0600100935405.PNG            
2018||63||001||9354||6320180716S0600100935406.PNG            
2018||63||001||9355||6320180716S0600100935501.PNG            
2018||63||001||9356||6320180716S0600100935601.PNG            
2018||63||001||9361||6320180716S0600100936101.PNG            
2018||63||001||9361||6320180716S0600100936102.PNG            
2018||63||001||9361||6320180716S0600100936103.PNG            
2018||63||001||9466||6320180717S0600100946601.PNG            
2018||63||001||9466||6320180717S0600100946602.PNG            
2018||68||001||35178||6820180706S0700103517801.PNG            
2018||68||001||36159||6820180712S0700103615901.PNG            
2018||76||003||9841||7620180703S0600300984101.PNG            
2018||76||003||9841||7620180703S0600300984102.PNG            
2018||76||003||9841||7620180703S0600300984103.PNG            
2018||91||001||1878||9120180710S0600100187801.PNG            
2018||91||001||1878||9120180710S0600100187802.PNG            
2018||91||001||1892||9120180710S0600100189201.PNG            
2018||91||001||1892||9120180710S0600100189202.PNG            
2018||91||001||1913||9120180713S0600100191301.PNG            
2018||91||001||1913||9120180713S0600100191302.PNG            
2018||91||001||1913||9120180713S0600100191303.PNG            
2018||91||001||1919||9120180716S0600100191901.PNG            
2018||91||001||1929||9120180717S0600100192901.PNG            
2018||91||001||1950||9120180724S0600100195001.PNG            
2018||91||001||1983||9120180727S0600100198301.PNG            
2018||91||001||1984||9120180727S0600100198401.PNG            
2018||91||001||1984||9120180727S0600100198402.PNG            
2018||91||001||1984||9120180727S0600100198403.PNG            
2018||91||001||1994||9120180727S0600100199401.PNG            
2018||91||001||1994||9120180727S0600100199402.PNG            
2018||91||001||1994||9120180727S0600100199403.PNG            
2018||91||001||1994||9120180727S0600100199404.PNG            
2018||91||001||1994||9120180727S0600100199405.PNG            
2018||91||001||1994||9120180727S0600100199406.PNG            
2018||91||001||1994||9120180727S0600100199407.PNG            
2018||91||001||1994||9120180727S0600100199408.PNG            
2018||91||001||1994||9120180727S0600100199409.PNG            
2018||91||001||1994||9120180727S0600100199410.PNG            
